UPPER 8x32  DIN=UR  DOUT=UL
r0  [ 511  496  495  480  ...  287  272  271  256 ]
r1  [ 510  497  494  481  ...  286  273  270  257 ]
r2  [ 509  498  493  482  ...  285  274  269  258 ]
r3  [ 508  499  492  483  ...  284  275  268  259 ]
r4  [ 507  500  491  484  ...  283  276  267  260 ]
r5  [ 506  501  490  485  ...  282  277  266  261 ]
r6  [ 505  502  489  486  ...  281  278  265  262 ]
r7  [ 504  503  488  487  ...  280  279  264  263 ]

LOWER 8x32  DIN=LL  DOUT=LR
r8  [   7    8   23   24  ...  231  232  247  248 ]
r9  [   6    9   22   25  ...  230  233  246  249 ]
r10 [   5   10   21   26  ...  229  234  245  250 ]
r11 [   4   11   20   27  ...  228  235  244  251 ]
r12 [   3   12   19   28  ...  227  236  243  252 ]
r13 [   2   13   18   29  ...  226  237  242  253 ]
r14 [   1   14   17   30  ...  225  238  241  254 ]
r15 [   0   15   16   31  ...  224  239  240  255 ]
